0
0
0
0
0
0
0
0
0
0
0
0
0
0
0
0
0
-1
0
0
0
0
0
0
0
0
0
0
0
0
0
0
0
0
1
0
0
0
0
0
0
0
0
0
0
0
0
0
0
0
-1
0
0
0
0
0
0
0
0
0
0
0
0
0
0
0
0
1
0
0
0
0
0
0
0
0
0
0
0
0
0
0
0
-1
0
0
-1
1
0
0
0
0
0
0
0
0
0
0
1
0
0
-1
1
-1
0
0
0
0
0
0
0
0
0
0
0
0
0
-1
1
1
0
0
-1
0
0
0
0
0
0
0
0
0
0
0
1
-1
0
-1
1
0
0
0
0
0
0
0
0
0
-1
-1
0
0
0
1
0
0
0
0
0
0
0
0
0
1
-1
1
1
0
1
-1
0
0
0
0
0
0
0
0
0
0
1
-1
0
-1
0
0
0
0
0
0
0
0
0
0
0
0
0
0
0
0
0
0
0
0
0
0
0
0
0
0
0
0
0
0
0
0
0
0
0
0
0
0
0
0
0
0
0
0
0
0
0
0
0
0
0
0
0
0
0
0
0
0
0
0
0
0
0
0
0
0
0
0
0
0
0
0
70
27
-1
1
pl1
pl2
0
0